	uni	snvLoc	AAchange	psite	ploc	chr	chrl	NNchange	AAb	AAa	dnnsfp	phyloP17way_primate	phyloP17way_primate_rankscore	BayesDel_addAF_score	BayesDel_addAF_rankscore	integrated_fitCons_score	integrated_fitCons_rankscore	GERP++_RS	GERP++_RS_rankscore	subseq_ref	subseq_var	feature_PWM_refpep	feature_PWM_varpep	feature_paxdb_log10	feature_length	feature_distance_abs	ASAquick_asa	feature_LCD	feature_IDR	PSIPRED_ss3pC	PSIPRED_ss3sC	PSIPRED_ss3sH	PSIPRED_ss3pE	PSIPRED_ss3pH	PSIPRED_ss3sE	PSIPRED_ss3H	PSIPRED_ss3E	PSIPRED_ss3C	dist_3d	feature_psite_ptmage0	feature_psite_ptmage3	feature_pubmed_MS_LIT	feature_pubmed_LT_LIT	feature_netpho_max_all	feature_netpho_max_kin	feature_netpho_max_nokin	feature_psitesnv_nbt21	feature_psitesnv_ptm21	feature_psite_nbtScore	feature_psite_ubi21	AAVolume	AAHydrophobicity	AAGrantham	AAPolarity	AAEx	AAPAM250	AAJM	AAVB	index	site_coevolve	feature_sift_psite	feature_provean_psite	feature_psite_existed	gainScore	gainLabel	lossScore	lossLabel	VIP_Label
0	Q14165	164	A/T	S	162	12	120694899	G/A	A	T	12_120694899_G/A_A/T	0.676	0.7674	0.333419	0.85393	0.719381	0.83141	5.44	0.79348	IFDRVGH_TAHDEII	IFDRVGH_TTHDEII	0.48730899654671544	0.48692823233276944	1.8668778143374989	292.0	2.0	0.0	0.0	0.0	1.0	1.0					0.0	0.0	2.0	6.857408038027196	0.0	0.0	0.0	0.0	0.11854500000000001	0.11854500000000001	0.02999	0.0	0.0		0.0	-0.916666667	0.4	58.0	0.5	31.0	0.7	1.61	55.0	0	1.0	0.27	-0.67	0.0	0.008506419	0	0.0006130534	0	pairNoimpact
1	Q99814	264	L/V	S	276	2	46369837	C/G	L	V	2_46369837_C/G_L/V	0.594	0.325	-0.242952	0.14975	0.706548	0.73137	3.53	0.39533	PEELLGR_AYEFYHA	PEELLGR_AYEFYHA	0.4325174460511177	0.4325174460511177	-0.8416375079047503	870.0	12.0	2.0	0.0	0.0	1.0		1.0				1.0	0.0	1.0	18.868979039683097	0.0	0.0	0.0	0.0	0.281058	0.281058	0.046682999999999995	0.0	0.0		0.0	0.89	0.2	32.0	1.0	27.0	1.9	2.53	23.0	1	1.0	0.0	-2.92	0.0	0.00086843385	0	0.0016768521	0	pairNoimpact
2	P11230	48	V/E	Y	38	17	7445354	T/A	V	E	17_7445354_T/A_V/E	0.665	0.62972	-0.0870704	0.38559	0.56387	0.32371	5.43	0.79006	REKLFSG_DSSVRPA	REKLFSG_DSSVRPA	0.41450060799182925	0.41450060799182925	-0.744727494896694	501.0	10.0	0.0	0.0	0.0	1.0		1.0				1.0	0.0	1.0	17.73196836225465	0.0	0.0	0.0	0.0	0.11174400000000001	0.033960000000000004	0.11174400000000001	0.0	0.0		0.0	0.053333333	10.8	121.0	6.4	19.0	-2.1	-1.02	6.0	2	0.09030763014232475	0.0	-7.83	0.0	0.00026408018	0	0.0010207162	0	pairNoimpact
3	P48594	387	F/L	T	378	18	63637731	G/T	F	L	18_63637731_G/T_F/L	0.676	0.7674	-0.0741453	0.40664	0.553676	0.25195	-0.548	0.11241	FFIRQNK_NSILFYG	FFIRQNK_NSILFYG	0.45404760205053263	0.45404760205053263	1.1238516409670858	390.0	9.0	0.0	0.0	0.0	1.0	1.0					0.0	0.0	2.0	24.822873765944184	0.0	0.0	0.0	0.0	0.110422	0.110422	0.027460000000000002	0.0	1.0		0.0	0.773333333	0.9	22.0	-0.3	30.0	2.1	2.66	13.0	3	0.357849462926988	0.028	-3.01	0.0	0.0012230084	0	0.004694186	0	pairNoimpact
4	Q8IWW6	37	G/R	Y	40	10	31908747	C/T	G	R	10_31908747_C/T_G/R	0.599	0.4025	0.347029	0.86307	0.706548	0.73137	5.83	0.93059	VIKQGER_ILVKKTN	VIKQRER_ILVKKTN	0.4186001481208835	0.825556236814173	0.7930916001765802	846.0	3.0	1.0	0.0	0.0		1.0		1.0			0.0	1.0	1.0	9.97406968092764	0.0	0.0	0.0	0.0	0.14991300000000002	0.07986499999999999	0.14991300000000002	0.0	0.0		0.0	-3.776666667	13.3	125.0	1.5	18.0	-1.0	1.24	20.0	4	1.0	0.002	-5.25	0.0	0.0047334456	0	0.0021995218	0	pairNoimpact
5	Q75T13	751	A/V	T	736	2	196845916	G/A	A	V	2_196845916_G/A_A/V	0.676	0.7674	0.00983302	0.53001	0.6512	0.46895	5.37	0.76949	SPDLPFL_IVLIIVS	SPDLPFL_IVLIIVS	0.5624427275691893	0.5624427275691893	-0.6179829574251317	922.0	15.0	2.0	0.0	0.0			1.0		1.0		2.0	0.0	0.0	9.722385304029046	0.0	0.0	0.0	0.0	0.07602300000000001	0.07602300000000001	0.015571999999999999	0.0	0.0		0.0	-1.713333333	-1.0	64.0	-2.2	32.0	0.1	0.26	39.0	5	0.013104549520283913	0.574	-0.44	0.0	0.00022501993	0	0.005127053	0	pairNoimpact
6	Q5VZ46	395	P/A	T	384	1	180928551	C/G	P	A	1_180928551_C/G_P/A	0.599	0.4025	-0.0249323	0.48147	0.608966	0.35542	5.44	0.79348	RARMKAR_RPLRASH	RARMKAR_RPLRASH	0.5149417290686782	0.5149417290686782	-0.22112552799726048	1190.0	11.0	1.0	0.0	2.0	1.0	1.0					0.0	0.0	2.0	30.30381020597905	0.0	0.0	0.0	0.0	0.19573800000000002	0.137346	0.19573800000000002	0.0	0.0		0.0	0.803333333	-1.8	27.0	0.1	45.0	0.4	0.84	9.0	6	0.8007216919639499	0.053	-3.09	0.0	0.00016157892	0	0.0001690377	0	pairNoimpact
7	Q9H7R0	17	S/F	S	28	19	12363582	G/A	S	F	19_12363582_G/A_S/F	0.505	0.23025	-0.196837	0.21263	0.421363	0.06395	0.468	0.15943	EERKQYD_VAFEDVA	EERKQYD_VAFEDVA	0.5178719544353221	0.5178719544353221	-0.5243288116755703	627.0	11.0	0.0	0.0	0.0		1.0			1.0		1.0	0.0	1.0	30.590593096571368	0.0	0.0	0.0	0.0	0.11180799999999999	0.11180799999999999	0.064816	0.0	0.0		0.0	-3.363333333	-3.1	155.0	-4.0	33.0	-2.6	-1.1	8.0	7	0.2622076337811133	0.347	-2.21	0.0	8.771996e-05	0	0.00018056679	0	pairNoimpact
8	Q9P2F5	874	I/V	S	873	4	184017123	A/G	I	V	4_184017123_A/G_I/V	0.756	0.94297	0.00575973	0.52445	0.615465	0.37627	5.73	0.8973	SLASNTS_IVESNRR	SLASNTS_VVESNRR	0.4972001385188425	0.5060351948189695	-1.5228787452803376	926.0	1.0	1.0	0.0	2.0			1.0		1.0		2.0	0.0	0.0	3.821069614649802	0.0	0.0	0.0	0.0	0.179789	0.179789	0.043125	0.0	2.0		0.0	0.89	0.5	29.0	0.7	49.0	3.2	1.97	51.0	8	1.0	0.0	0.37	0.0	0.045798566	0	0.0019231234	0	pairNoimpact
9	Q9HCJ6	236	V/M	S	243	16	77862874	G/A	V	M	16_77862874_G/A_V/M	0.672	0.70159	-0.251687	0.13891	0.732398	0.92422	5.93	0.95888	VQEVKRI_AEGVDIV	MQEVKRI_AEGVDIV	0.7957805949193426	0.8036743872287518	0.42160392686983106	419.0	7.0	1.0	0.0	0.0	1.0		1.0				1.0	0.0	1.0	10.21184709051208	0.0	0.0	0.0	0.0	0.30791799999999997	0.30791799999999997	0.031199	0.0	0.0		0.0	-0.763333333	-0.8	21.0	-0.2	56.0	1.8	1.24	32.0	9	6.030675705943e-15	0.152	-1.56	0.0	0.0057991687	0	0.0021013322	0	pairNoimpact
10	Q96AG3	303	T/S	S	302	5	110761433	C/G	T	S	5_110761433_C/G_T/S	0.599	0.4025	-0.100564	0.3633	0.706548	0.73137	4.05	0.46415	YNSHLAE_TSPVQSM	YNSHLAE_SSPVQSM	0.685289647280061	0.6972180046458367	0.3961993470957364	418.0	1.0	0.0	0.0	2.0	1.0	1.0					0.0	0.0	2.0	3.8238993187582775	0.0	0.0	0.0	0.0	0.116819	0.116819	0.043313	0.0	0.0		0.0	0.903333333	0.6	58.0	0.6	41.0	1.4	2.81	13.0	10	0.34754546561321387	0.813	-0.72	0.0	0.009971385	0	0.0005647996	0	pairNoimpact
11	P51532	781	M/V	T	786	19	11013015	A/G	M	V	19_11013015_A/G_M/V	0.751	0.87719	0.392309	0.89465	0.706548	0.73137	3.71	0.41733	DEMGLGK_IQTIALI	DEVGLGK_IQTIALI	0.583598348928649	0.5762749961061079	1.4927603890268375	1647.0	5.0	2.0	0.0	0.0		1.0			1.0		1.0	0.0	1.0	10.46876998505555	0.0	0.0	0.0	0.0	0.151325	0.151325	0.019806999999999998	0.0	0.0		0.0	0.763333333	0.8	21.0	0.2	35.0	1.8	1.24	19.0	11	0.8321710182429155	0.0	-4.63	0.0	0.027866304	0	0.020943403	0	pairNoimpact
12	Q9UKP4	771	A/T	T	767	15	78771650	C/T	A	T	15_78771650_C/T_A/T	-1.484	0.01054	-0.300281	0.08633	0.706548	0.73137	-0.438	0.11656	DYQVAGT_FTYARRG	DYQVAGT_FTYTRRG	0.5193087819983687	0.5136169470535823	-1.00436480540245	1686.0	4.0	2.0	0.0	0.0				1.0		1.0	0.0	2.0	0.0	12.977184787156261	0.0	0.0	0.0	0.0	0.20873699999999998	0.20873699999999998	0.020179	0.0	0.0		0.0	-0.916666667	0.4	58.0	0.5	31.0	0.7	1.61	55.0	12	0.4553456282115326	0.239	-3.02	0.0	0.0012508318	0	0.0021577054	0	pairNoimpact
13	P13671	377	L/V	S	383	5	41176514	G/C	L	V	5_41176514_G/C_L/V	0.618	0.50648	0.000762626	0.5176	0.487112	0.14033	5.36	0.76624	DLLYQFS_EELKNSG	DVLYQFS_EELKNSG	0.5195284173273662	0.5208966041307593	2.292256071356476	934.0	6.0	1.0	0.0	0.0			1.0		1.0		2.0	0.0	0.0	18.006545309969926	0.0	0.0	0.0	0.0	0.093064	0.093064	0.03275	0.0	0.0		0.0	0.89	0.2	32.0	1.0	27.0	1.9	2.53	23.0	13	0.18950551209239053	0.515	-0.97	0.0	0.00014372918	0	0.027688812	0	pairNoimpact
14	P11597	380	F/C	T	379	16	56978248	T/G	F	C	16_56978248_T/G_F/C	0.587	0.30956	0.0472006	0.57982	0.516011	0.20929	3.14	0.35196	QQHSVAY_FEEDIVT	QQHSVAY_CEEDIVT	0.7374236866916024	0.7380576079392445	0.8169038393756602	493.0	1.0	1.0	0.0	0.0				1.0		1.0	0.0	2.0	0.0	3.8247552862895695	0.0	0.0	0.0	0.0	0.22974299999999998	0.22974299999999998	0.018181	0.0	0.0		0.0	2.713333333	1.7	205.0	0.3	18.0	-0.7	0.69	5.0	14	0.23249411237247755	0.511	-1.5	0.0	0.0006091261	0	0.00017166286	0	pairNoimpact
15	P17024	301	H/Y	T	306	19	12133285	G/A	H	Y	19_12133285_G/A_H/Y	0.373	0.2031	0.101628	0.64467	0.566229	0.32551	-0.00528	0.13341	QYHKMTH_GEKPYEC	QYYKMTH_GEKPYEC	0.7649024220991048	0.5205434147010807	-0.5867002359187482	532.0	5.0	0.0	0.0	0.0	1.0					1.0	0.0	1.0	1.0	9.517192600762057	0.0	0.0	2.0	0.0	0.161193	0.161193	0.015677	0.0	3.0		1.0	-1.346666667	-2.3	83.0	-4.2	26.0	2.5	1.31	13.0	15	0.45494253258738887	0.001	-4.22	1.0	0.0003910903	0	0.0028078412	0	pairNoimpact
16	Q9Y2Y9	261	G/C	S	270	15	31372213	G/T	G	C	15_31372213_G/T_G/C	-0.123	0.1364	-0.124794	0.32341	0.67177	0.52595	-1.65	0.07849	GSRTGSL_DYSRSDA	GSRTGSL_DYSRSDA	0.5342776581339166	0.5342776581339166	-0.4089353929735008	288.0	9.0	0.0	2.0	2.0		1.0			1.0		1.0	0.0	1.0	26.240406894711064	435.0	435.0	2.0	0.0	0.13811800000000002	0.13811800000000002	0.054795	2.0	3.0		0.0	-1.613333333	-1.0	159.0	-3.5	27.0	-2.0	-0.5	2.0	16	0.2632320744234686	0.0	-1.14	1.0	0.00049063796	0	0.0019377228	0	pairNoimpact
17	Q2VIQ3	155	S/F	Y	140	5	155014323	C/T	S	F	5_155014323_C/T_S/F	0.53	0.24713	-0.0248578	0.48158	0.695654	0.57023	1.73	0.23565	EFTLKVS_LEIYNEE	EFTLKVS_LEIYNEE	0.46897378246889154	0.46897378246889154	0.2600713879850748	1234.0	15.0	1.0	0.0	0.0		1.0		1.0			0.0	1.0	1.0	14.336134520853241	0.0	0.0	0.0	0.0	0.248243	0.097725	0.248243	0.0	1.0		1.0	-3.363333333	-3.1	155.0	-4.0	33.0	-2.6	-1.1	8.0	17	1.0	0.001	-6.12	0.0	0.0003851261	0	0.00033669046	0	pairNoimpact
18	P0C881	776	A/V	T	772	7	5928301	G/A	A	V	7_5928301_G/A_A/V	0.659	0.54702	-0.224401	0.17396	0.553676	0.25195	4.94	0.64645	MYVFFVN_LFHAYKR	MYVFFVN_LFHVYKR	0.5197104625874158	0.525030058875544	-0.790484985457369	870.0	4.0	2.0	0.0	0.0			1.0		1.0		2.0	0.0	0.0	5.922610404205227	0.0	0.0	0.0	0.0	0.156931	0.156931	0.021968	0.0	0.0		0.0	-1.713333333	-1.0	64.0	-2.2	32.0	0.1	0.26	39.0	18	0.3198492854150182	0.525	-0.92	0.0	0.0003136072	0	0.00047961806	0	pairNoimpact
19	Q8IZD9	666	S/Y	Y	679	3	51236424	C/A	S	Y	3_51236424_C/A_S/Y	0.599	0.4025	0.327786	0.85014	0.553676	0.25195	5.26	0.73479	NLLRDIK_FHFRPVM	NLLRDIK_FHFRPVM	0.5225881398526319	0.5225881398526319	-0.8068754016455384	2030.0	13.0	2.0	0.0	0.0	1.0		1.0				1.0	0.0	1.0	16.59944535217969	0.0	0.0	0.0	0.0	0.09496900000000001	0.039580000000000004	0.09496900000000001	0.0	2.0		0.0	-3.486666667	1.3	144.0	-3.0	29.0	-1.9	0.31	2.0	19	0.7336355923719317	0.002	-5.67	1.0	0.001636057	0	0.0017518479	0	pairNoimpact
20	Q8NFY9	28	D/G	S	24	3	66999047	A/G	D	G	3_66999047_A/G_D/G	0.691	0.84096	0.375516	0.88418	0.72623	0.87236	5.52	0.82153	IPSSDPA_DAMDPFH	IPSSDPA_DAMGPFH	0.6293422430255481	0.6254866808568907	-0.8601209135987634	601.0	4.0	0.0	0.0	1.0		1.0			1.0		1.0	0.0	1.0	12.194463251820476	0.0	0.0	0.0	0.0	0.254731	0.254731	0.064816	0.0	1.0		1.0	1.7	-10.2	94.0	-4.0	26.0	0.2	1.05	14.0	20	0.260333758917411	0.484	-0.06	0.0	0.0002220047	0	0.0009793134	0	pairNoimpact
21	Q569K6	469	R/W	S	471	22	30373666	C/T	R	W	22_30373666_C/T_R/W	0.596	0.33519	-0.159758	0.26799	0.489673	0.17934	-0.816	0.10292	EREELRG_LDEAEAQ	EREELWG_LDEAEAQ	0.824805208407305	0.5298775987081239	-0.2907300390241692	752.0	2.0	0.0	0.0	2.0	1.0		1.0				1.0	0.0	1.0	5.363759316002162	0.0	0.0	0.0	0.0	0.241475	0.241475	0.078797	0.0	0.0		0.0	-1.813333333	-14.2	101.0	-5.1	6.0	-1.6	-0.78	27.0	21	0.3435944880469379	0.22	-1.27	0.0	0.00015721544	0	0.00044247697	0	pairNoimpact
22	Q9UPZ6	396	P/L	T	385	7	11593338	G/A	P	L	7_11593338_G/A_P/L	0.676	0.7674	0.319573	0.84442	0.653281	0.48532	5.26	0.73479	DMVSPAG_RVRTRTI	DMVSPAG_RVRTRTI	0.422738460969949	0.422738460969949	-0.7825160557860937	1657.0	11.0	0.0	0.0	0.0	1.0	1.0					0.0	0.0	2.0	31.002876931020452	0.0	0.0	0.0	0.0	0.18474300000000002	0.18474300000000002	0.018253	0.0	0.0		0.0	-1.8	-3.0	98.0	-3.1	26.0	-2.2	-1.08	31.0	22	0.27961557089126204	0.524	-0.59	0.0	0.0011777355	0	0.00022038665	0	pairNoimpact
23	Q8TEC5	436	V/I	T	443	5	146049229	G/A	V	I	5_146049229_G/A_V/I	0.509	0.23192	-0.347427	0.04891	0.554377	0.28877	5.29	0.7443	VIPIFRK_SSFPDSR	IIPIFRK_SSFPDSR	0.7918204404608948	0.7981222670515837	-0.4854522473397139	729.0	7.0	1.0	0.0	0.0	1.0					1.0	0.0	1.0	1.0	20.87092235623524	0.0	0.0	0.0	0.0	0.07477	0.07477	0.02185	0.0	0.0		0.0	-0.89	-0.5	29.0	-0.7	54.0	3.2	1.97	53.0	23	0.011729381458872088	0.22	-0.89	0.0	0.0010491383	0	0.00034480964	0	pairNoimpact
24	Q96RL1	262	A/T	T	253	5	176968971	C/T	A	T	5_176968971_C/T_A/T	-0.218	0.08083	-0.25017	0.14076	0.706548	0.73137	2.98	0.33575	AVQGSGD_SRHCLPT	AVQGSGD_SRHCLPT	0.5184712576966687	0.5184712576966687	0.8388490907372553	719.0	9.0	0.0	0.0	0.0	1.0		1.0				1.0	0.0	1.0	26.068793010034046	312.0	352.0	0.0	0.0	0.353561	0.353561	0.02179	2.0	4.0	0.111968628980203	2.0	-0.916666667	0.4	58.0	0.5	31.0	0.7	1.61	55.0	24	0.41489405333050405	0.007	-1.95	1.0	0.0012796633	0	0.0031124435	0	pairNoimpact
25	A6NGY1	261	P/R	T	268	3	75665974	C/G	P	R	3_75665974_C/G_P/R	0.422	0.20808	-0.0917361	0.37789	0.59774	0.34471	-1.04	0.09555	PFPGQEI_EPVSGSD	RFPGQEI_EPVSGSD	0.5077432178750626	0.4822618908374385	-inf	282.0	7.0	0.0	0.0	1.0	1.0	1.0					0.0	0.0	2.0	18.53155487270294	0.0	0.0	0.0	0.0	0.217941	0.11683199999999999	0.217941	0.0	0.0		0.0	-2.023333333	12.1	103.0	2.5	25.0	-1.0	1.61	7.0	25	0.5239841924958162	0.0	-1.68	0.0	0.00024602094	0	0.0012315249	0	pairNoimpact
26	Q9HB96	379	A/T	S	377	6	35459352	G/A	A	T	6_35459352_G/A_A/T	0.676	0.7674	0.125283	0.66899	0.706548	0.73137	4.88	0.63131	GRILSLT_SASRLLT	GRILSLT_STSRLLT	0.4199383266321359	0.417909802754817	-0.15119529894819625	536.0	2.0	1.0	2.0	0.0			1.0		1.0		2.0	0.0	0.0	6.382858450568993	0.0	0.0	0.0	0.0	0.117601	0.117601	0.052490999999999996	0.0	1.0		0.0	-0.916666667	0.4	58.0	0.5	31.0	0.7	1.61	55.0	26	0.4032093200498681	0.352	-1.46	0.0	0.0022586703	0	0.0006187629	0	pairNoimpact
27	O75907	214	V/F	S	227	8	144318297	C/A	V	F	8_144318297_C/A_V/F	0.587	0.30956	0.0748866	0.61437	0.67177	0.52595	5.33	0.75683	RARAKAA_AGKKASS	RARAKAA_AGKKASS	0.5021279686902881	0.5021279686902881	0.5440680443502757	488.0	13.0	1.0	1.0	1.0			1.0		1.0		2.0	0.0	0.0	20.07269894657916	0.0	0.0	0.0	0.0	0.198969	0.198969	0.168074	0.0	0.0		0.0	-1.663333333	-1.1	50.0	-0.7	21.0	0.1	1.66	3.0	27	0.016933073528040157	0.594	-1.13	0.0	0.00037989378	0	0.0006598947	0	pairNoimpact
28	Q9UPR0	333	E/K	Y	345	3	17010343	G/A	E	K	3_17010343_G/A_E/K	0.676	0.7674	0.0751268	0.61466	0.706548	0.73137	5.54	0.82907	LCTRPEI_FLLVQFS	LCTRPEI_FLLVQFS	0.3954400839050886	0.3954400839050886	-0.11918640771920865	1127.0	12.0	1.0	0.0	0.0			1.0	1.0			1.0	1.0	0.0	16.2137056529345	0.0	0.0	0.0	0.0	0.202066	0.046234	0.202066	0.0	0.0		0.0	-1.006666667	0.6	56.0	-1.0	32.0	1.2	0.6	32.0	28	1.0	0.001	-7.33	0.0	0.022347918	0	0.00047397966	0	pairNoimpact
29	Q495T6	400	V/G	S	412	1	2598280	A/C	V	G	1_2598280_A/C_V/G	-0.107	0.15377	0.0476601	0.5804	0.554377	0.28877	1.15	0.19876	LDRIGSL_QRFKDTR	LDRIGSL_QRFKDTR	0.9920847084933055	0.9920847084933055	-0.9746941347352298	779.0	12.0	1.0	0.0	0.0			1.0		1.0		2.0	0.0	0.0	18.857097045940023	0.0	0.0	0.0	0.0	0.463186	0.463186	0.05779	0.0	0.0		0.0	2.663333333	1.6	109.0	3.1	27.0	-3.1	-0.4	5.0	29	0.2684467943512017	0.197	-1.71	0.0	0.00027753544	0	0.0012497945	0	pairNoimpact
30	O00232	230	M/I	S	239	17	67347221	C/A	M	I	17_67347221_C/A_M/I	0.549	0.26987	0.210332	0.74862	0.706548	0.73137	5.92	0.95557	QLDQHEG_YLSICKH	QLDQHEG_YLSICKH	0.49407552431430624	0.49407552431430624	1.9740509027928774	456.0	9.0	2.0	0.0	0.0	1.0					1.0	0.0	1.0	1.0	10.789682988855603	0.0	0.0	0.0	0.0	0.116829	0.116829	0.030518	0.0	3.0		1.0	-0.126666667	0.3	10.0	-0.5	61.0	2.6	1.66	9.0	30	1.0	0.523	-1.29	0.0	0.0018962881	0	0.00047604874	0	pairNoimpact
31	Q8N139	852	T/A	T	857	17	69106047	T/C	T	A	17_69106047_T/C_T/A	-0.113	0.14837	-0.134704	0.30738	0.706548	0.73137	2.46	0.29032	RQTKVLL_LLLVFGI	RQAKVLL_LLLVFGI	0.4083844232437761	0.39289130709665493	-0.906578314837765	1617.0	5.0	2.0	0.0	0.0			1.0		1.0		2.0	0.0	0.0	8.325873467690942	0.0	0.0	0.0	0.0	0.124927	0.124927	0.015602000000000001	0.0	1.0		1.0	0.916666667	-0.4	58.0	-0.5	40.0	0.7	1.61	23.0	31	0.232664455299183	0.831	-1.36	0.0	0.0017198175	0	0.00017270357	0	pairNoimpact
32	Q9UKW4	793	A/T	S	783	1	107574172	C/T	A	T	1_107574172_C/T_A/T	0.599	0.4025	0.287473	0.81948	0.693126	0.5607	6.03	0.97798	RGNRAGN_LLSPKVL	RGNRAGN_LLSPKVL	0.4819609719484309	0.4819609719484309	0.37657695705651195	847.0	10.0	1.0	0.0	0.0	1.0					1.0	0.0	1.0	1.0	29.111104049829507	96.0	96.0	3.0	0.0	0.23779899999999998	0.23779899999999998	0.050448	2.0	4.0	0.321699056483909	1.0	-0.916666667	0.4	58.0	0.5	31.0	0.7	1.61	55.0	32	0.27014108539998627	0.291	-1.06	2.0	0.0046430137	0	0.00020975045	0	pairNoimpact
33	Q8N5U6	793	K/R	T	805	12	120576608	A/G	K	R	12_120576608_A/G_K/R	0.756	0.94297	0.11108	0.65463	0.706548	0.73137	6.09	0.99101	KQKLLFS_SVVHTK_	KQKLLFS_SVVHTK_	0.4193494046395668	0.4193494046395668	-0.1824346304402192	811.0	12.0	1.0	1.0	2.0		1.0		1.0			0.0	1.0	1.0	37.33953004524829	96.0	312.0	0.0	0.0	0.196131	0.196131	0.017495	2.0	1.0		0.0	-0.16	3.5	26.0	-0.8	44.0	2.9	0.69	20.0	33	0.8265639292433126	0.0	-3.69	0.0	0.96362346	1	0.0007493772	0	pairGain
34	Q9Y5E2	683	S/L	Y	687	5	141174883	C/T	S	L	5_141174883_C/T_S/L	-1.348	0.01195	-0.392161	0.02605	0.487112	0.14033	0.745	0.17509	QANSLTV_LVVALAS	QANLLTV_LVVALAS	0.436277401308068	0.4129912557539013	-1.4559319556497243	793.0	4.0	1.0	0.0	0.0			1.0		1.0		2.0	0.0	0.0	6.038570691811097	0.0	0.0	0.0	0.0	0.227127	0.101814	0.227127	0.0	0.0		0.0	-2.59	-2.2	145.0	-4.3	29.0	-2.2	-0.93	10.0	34	0.45614061257650546	0.023	-8.36	0.0	0.0014426797	0	0.0008637387	0	pairNoimpact
35	Q9Y210	589	S/C	Y	578	11	101473752	G/C	S	C	11_101473752_G/C_S/C	0.662	0.56354	0.357806	0.87087	0.554377	0.28877	5.91	0.9524	TLGDNVK_YNLARIK	TLGDNVK_YNLARIK	0.6051856170933467	0.6051856170933467	-0.0614802748235081	931.0	11.0	1.0	0.0	0.0		1.0		1.0			0.0	1.0	1.0	13.615349940416513	0.0	0.0	0.0	0.0	0.322738	0.11548199999999999	0.322738	0.0	0.0		0.0	-0.65	-1.4	112.0	-3.7	37.0	0.1	-0.74	14.0	35	0.008360852434984928	0.037	-5.31	0.0	0.00056938233	0	0.00020807525	0	pairNoimpact
36	Q6ZRV2	885	G/V	T	883	8	143726807	C/A	G	V	8_143726807_C/A_G/V	0.594	0.325	-0.154381	0.27627	0.660377	0.49826	2.03	0.25714	PERKGSP_PGFSTRR	PERKGSP_PVFSTRR	0.9768847187015774	0.9768953652497656	0.9790929006383263	1179.0	2.0	0.0	0.0	2.0	1.0	1.0					0.0	0.0	2.0	7.027871441624415	90.0	352.0	7.0	0.0	0.14307	0.14307	0.125924	7.0	9.0	0.301841247881182	0.0	-2.663333333	-1.6	109.0	-3.1	21.0	-3.1	-0.4	10.0	36	0.4300761073148095	0.011	-1.18	2.0	0.02179388	0	0.0017887326	0	pairNoimpact
37	O95206	37	F/V	S	29	13	52848328	A/C	F	V	13_52848328_A/C_F/V	0.751	0.87719	-0.0466702	0.44952	0.59774	0.34471	5.43	0.79006	WVLSVAQ_KTVRYST	WVLSVAQ_KTVRYST	0.49421011473663595	0.49421011473663595	-0.22767829327708025	1070.0	8.0	1.0	0.0	0.0	1.0	1.0					0.0	0.0	2.0	26.803672621489767	0.0	0.0	0.0	0.0	0.153422	0.153422	0.027037000000000002	0.0	0.0		0.0	1.663333333	1.1	50.0	0.7	29.0	0.1	1.66	6.0	37	1.0	0.569	-0.47	0.0	0.01704809	0	0.00036256656	0	pairNoimpact
38	Q9UN70	759	Q/P	Y	757	5	141478392	A/C	Q	P	5_141478392_A/C_Q/P	0.756	0.94297	0.374955	0.88382	0.72623	0.87236	6.06	0.9834	GLMSPHL_HQVYLTT	GLMSPHL_HPVYLTT	0.45514139966827144	0.42359790771627903	-0.44855000202712486	934.0	2.0	2.0	0.0	0.0				1.0		1.0	0.0	2.0	0.0	5.442562815439063	0.0	0.0	1.0	0.0	0.15320799999999998	0.042727	0.15320799999999998	4.0	4.0	0.387876212362826	0.0	1.036666667	-3.9	76.0	-2.5	21.0	-0.2	2.41	2.0	38	0.8687677848903496	0.184	-1.16	2.0	0.4994451	0	0.0016229486	0	pairNoimpact
39	P78364	708	P/L	S	706	12	8934348	C/T	P	L	12_8934348_C/T_P/L	0.454	0.21428	-0.164886	0.26011	0.67177	0.52595	5.57	0.84021	VALTPAP_VPPPTLA	VALTPAP_VLPPTLA	0.7162355562389988	0.7008422987481575	0.16136800223497488	1004.0	2.0	0.0	0.0	2.0	1.0	1.0					0.0	0.0	2.0	7.078387386968871	96.0	435.0	0.0	0.0	0.20526999999999998	0.081926	0.20526999999999998	0.0	0.0		0.0	-1.8	-3.0	98.0	-3.1	26.0	-2.2	-1.08	31.0	39	0.2803446895983971	0.214	-0.51	0.0	0.0020844094	0	0.00911222	0	pairNoimpact
40	O95343	89	P/L	T	84	2	44942370	C/T	P	L	2_44942370_C/T_P/L	0.445	0.21165	0.238769	0.77544	0.59774	0.34471	2.63	0.3042	LSMFQLP_LNFSPEQ	LSMFQLP_LNFSLEQ	0.5450274734918049	0.5556823061439197	-0.3124710387853657	332.0	5.0	0.0	0.0	0.0	1.0		1.0				1.0	0.0	1.0	13.968166021350118	0.0	0.0	0.0	0.0	0.13555	0.13555	0.021358000000000002	0.0	0.0		0.0	-1.8	-3.0	98.0	-3.1	26.0	-2.2	-1.08	31.0	40	0.7943399040667546	0.153	-2.13	0.0	4.133725e-05	0	9.371613e-05	0	pairNoimpact
41	P78364	807	A/V	Y	802	12	8936907	C/T	A	V	12_8936907_C/T_A/V	0.599	0.4025	-0.0779561	0.40048	0.67177	0.52595	5.03	0.67015	ANLLKCE_CGKYAPA	ANLLKCE_CGKYVPA	0.5293111362533197	0.5230870966256679	0.16136800223497488	1004.0	5.0	0.0	0.0	0.0	1.0	1.0					0.0	0.0	2.0	12.67669787444664	0.0	0.0	0.0	0.0	0.118769	0.054658000000000005	0.118769	0.0	3.0		0.0	-1.713333333	-1.0	64.0	-2.2	32.0	0.1	0.26	39.0	41	1.0	0.033	-4.57	0.0	0.00094383815	0	0.0010813809	0	pairNoimpact
42	Q9Y5P0	181	V/F	T	174	11	5301406	C/A	V	F	11_5301406_C/A_V/F	0.568	0.28809	0.000259295	0.51691	0.487112	0.14033	3.68	0.41359	GSRALLH_FCLHQDV	GSRALLH_FCLHQDF	0.5639732264401419	0.5683281162186902	-0.9507819773298184	310.0	7.0	2.0	0.0	0.0			1.0		1.0		2.0	0.0	0.0	11.932410779050475	0.0	0.0	0.0	0.0	0.279683	0.279683	0.021753	0.0	0.0		0.0	-1.663333333	-1.1	50.0	-0.7	21.0	0.1	1.66	3.0	42	0.028360641270977517	0.745	1.45	0.0	0.00014845579	0	0.0006933143	0	pairNoimpact
43	P49757	428	L/I	S	421	14	73277252	G/T	L	I	14_73277252_G/T_L/I	0.676	0.7674	-0.158122	0.2705	0.67177	0.52595	4.54	0.5522	GTEWGQS_GAASPGL	GTEWGQS_GAASPGI	0.49668662878341413	0.503521966506344	1.3996737214810382	651.0	7.0	1.0	0.0	1.0	1.0	1.0					0.0	0.0	2.0	23.725634849251133	96.0	824.0	0.0	0.0	0.132301	0.132301	0.06489400000000001	5.0	3.0	0.114095044294763	0.0	0.0	-0.3	5.0	0.3	30.0	2.8	3.0	4.0	43	0.2292841015685074	0.154	-0.88	1.0	0.00041438188	0	0.011243135	0	pairNoimpact
44	O60563	20	E/K	Y	13	12	48716618	C/T	E	K	12_48716618_C/T_E/K	0.599	0.4025	0.0999542	0.64288	0.441713	0.08003	5.65	0.86881	KNNNKRW_FTREQLE	KNNNKRW_FTREQLK	0.8124061384668151	0.8164716940865006	0.6053050461411095	726.0	7.0	0.0	0.0	2.0			1.0	1.0			1.0	1.0	0.0	13.495683383956516	0.0	0.0	0.0	0.0	0.076171	0.061378999999999996	0.076171	1.0	0.0		0.0	-1.006666667	0.6	56.0	-1.0	32.0	1.2	0.6	32.0	44	1.0	0.001	-6.59	0.0	0.0043598064	0	0.0027744689	0	pairNoimpact
45	O00182	234	G/A	S	244	17	27647061	G/C	G	A	17_27647061_G/C_G/A	0.612	0.49041	-0.0588971	0.4308	0.732398	0.92422	4.31	0.50718	PSKSILL_GTVLPSA	PSKSILL_GTVLPSA	0.4423629873974979	0.4423629873974979	1.1986570869544226	355.0	10.0	1.0	0.0	0.0		1.0		1.0			0.0	1.0	1.0	20.187317404746974	0.0	0.0	0.0	0.0	0.10976	0.10976	0.028902999999999998	0.0	1.0		0.0	-0.95	-0.6	60.0	-0.9	37.0	0.6	1.66	6.0	45	0.32067836667598915	0.036	-2.39	0.0	0.06070346	0	0.0016693932	0	pairNoimpact
46	P21817	291	A/E	T	293	19	38448426	C/A	A	E	19_38448426_C/A_A/E	0.549	0.26987	0.170097	0.71133	0.634777	0.41761	2.18	0.26813	TGQYLAL_EDQGLVV	TGQYLEL_EDQGLVV	0.39425408497472786	0.44164217414299217	-0.1272611725273312	5038.0	2.0	2.0	0.0	0.0				1.0		1.0	0.0	2.0	0.0	6.2311908171713055	0.0	0.0	0.0	0.0	0.116807	0.116807	0.023518	0.0	0.0		0.0	-1.66	9.8	107.0	4.2	27.0	-0.1	0.21	0.0	46	0.6545783959458711	0.347	-2.0	0.0	0.0005796443	0	0.00033123916	0	pairNoimpact
47	Q5T442	382	R/W	S	372	1	228158902	C/T	R	W	1_228158902_C/T_R/W	-1.112	0.01489	0.041547	0.57248	0.554377	0.28877	-1.57	0.08055	GDRDRDS_PCVGLPA	GDRDRDS_PCVGLPA	0.9762378702631331	0.9762378702631331	-0.5543957967264024	439.0	10.0	0.0	1.0	2.0	1.0	1.0					0.0	0.0	2.0	32.13410221244713	0.0	0.0	0.0	0.0	0.33071799999999996	0.33071799999999996	0.059740999999999995	0.0	0.0		0.0	-1.813333333	-14.2	101.0	-5.1	6.0	-1.6	-0.78	27.0	47	0.2757061626827686	0.599	-0.47	0.0	0.0009150595	0	0.00062689226	0	pairNoimpact
48	Q02241	756	S/R	S	762	15	69440966	A/C	S	R	15_69440966_A/C_S/R	0.756	0.94297	-0.0509343	0.44304	0.706548	0.73137	5.34	0.75982	QSKTCIV_DRRRGMY	QRKTCIV_DRRRGMY	0.560026697231673	0.6042194953678391	1.0530784434834197	960.0	6.0	1.0	0.0	0.0		1.0		1.0			0.0	1.0	1.0	19.432132847425674	0.0	0.0	0.0	0.0	0.45111999999999997	0.45111999999999997	0.034932	0.0	1.0		1.0	-2.813333333	12.9	110.0	1.3	36.0	-0.2	1.61	15.0	48	0.8826496494866519	0.307	-0.62	0.0	0.1822118	0	0.00041304255	0	pairNoimpact
49	Q6IFN5	22	Q/H	T	25	19	9251109	G/T	Q	H	19_9251109_G/T_Q/H	-0.226	0.07819	-0.376419	0.03282	0.487112	0.14033	-2.86	0.05376	YTEPQNL_GVSEFLL	YTEPHNL_GVSEFLL	0.4867402566505952	0.5078096006768333	-0.6595558851598816	339.0	3.0	0.0	0.0	0.0	1.0	1.0					0.0	0.0	2.0	9.55783453508168	0.0	0.0	0.0	0.0	0.11158199999999999	0.11158199999999999	0.015413	0.0	0.0		0.0	-0.313333333	-1.1	24.0	-0.1	40.0	1.4	0.89	11.0	49	0.34749356226785505	0.012	-3.71	0.0	0.0002019969	0	0.0011377323	0	pairNoimpact
