	WildType	Mut	Charge	Volume	Hydrophobicity	Grantham	Polarity	Ex	PAM250	BLOSUM	JM	HGMD2003	VB
A/C	A	C	0	-0.663333333	-0.4	195	-2.6	39	0.3	0	-0.2	0	0
A/D	A	D	1	-0.75	10.8	126	4.9	19	-0.3	-2	0.22	111	5
A/E	A	E	1	-1.66	9.8	107	4.2	27	-0.1	-1	0.21	54	0
A/F	A	F	0	-3.376666667	-2.1	113	-2.9	31	-2.6	-2	-0.49	0	0
A/G	A	G	0	0.95	0.6	60	0.9	39	0.6	0	1.66	34	10
A/H	A	H	-1	-2.153333333	4.6	86	2.3	30	-1	-2	1.14	0	0
A/I	A	I	0	-2.603333333	-1.5	94	-2.9	25	-0.8	-1	-0.39	0	0
A/K	A	K	-1	-2.666666667	10.4	106	3.2	22	-0.4	-1	-0.31	0	0
A/L	A	L	0	-2.603333333	-1.2	96	-3.2	31	-1.4	-1	-0.22	0	0
A/M	A	M	0	-2.476666667	-1.8	84	-2.4	55	-0.8	-1	-0.49	0	0
A/N	A	N	0	-0.85	6.4	111	3.5	43	-0.2	-2	0.49	0	0
A/P	A	P	0	-0.803333333	1.8	27	-0.1	24	0.4	-1	0.84	133	8
A/Q	A	Q	0	-1.84	5.7	91	2.4	32	-0.3	-1	0.71	0	0
A/R	A	R	-1	-2.826666667	13.9	112	2.4	29	-0.8	-1	0.54	0	0
A/S	A	S	0	-0.013333333	1	99	1.1	38	1.1	1	1.27	55	10
A/T	A	T	0	-0.916666667	0.4	58	0.5	31	0.7	0	1.61	274	55
A/V	A	V	0	-1.713333333	-1	64	-2.2	32	0.1	0	0.26	256	39
A/W	A	W	0	-4.64	-0.3	148	-2.7	16	-4.1	-3	-0.01	0	0
A/Y	A	Y	0	-3.5	2.3	112	-1.9	29	-2.6	-2	1.02	0	0
C/A	C	A	0	0.663333333	0.4	195	2.6	33	0.3	0	-0.2	0	0
C/D	C	D	1	-0.086666667	11.2	154	7.5	11	-3.2	-3	-1.09	0	0
C/E	C	E	1	-0.996666667	10.2	170	6.8	27	-3.2	-4	-1.18	0	0
C/F	C	F	0	-2.713333333	-1.7	205	-0.3	35	-0.7	-2	0.69	107	3
C/G	C	G	0	1.613333333	1	159	3.5	29	-2	-3	-0.5	83	3
C/H	C	H	-1	-1.49	5	174	4.9	26	-1.3	-3	-0.23	0	0
C/I	C	I	0	-1.94	-1.1	198	-0.3	11	-1.2	-1	0.3	0	0
C/K	C	K	-1	-2.003333333	10.8	202	5.8	25	-2.9	-3	-1.5	0	0
C/L	C	L	0	-1.94	-0.8	198	-0.6	35	-1.6	-1	0.49	0	0
C/M	C	M	0	-1.813333333	-1.4	196	0.2	17	-1.2	-1	0.2	0	0
C/N	C	N	0	-0.186666667	6.8	139	6.1	11	-1.8	-3	-0.97	0	0
C/P	C	P	0	-0.14	2.2	169	2.5	20	-3.1	-3	-0.87	0	0
C/Q	C	Q	0	-1.176666667	6.1	154	5	38	-2.6	-3	-0.92	0	0
C/R	C	R	-1	-2.163333333	14.3	180	5	31	-2.2	-3	-0.87	264	13
C/S	C	S	0	0.65	1.4	112	3.7	26	0.1	-1	-0.74	119	5
C/T	C	T	0	-0.253333333	0.8	149	3.1	12	-0.6	-1	-0.58	0	0
C/V	C	V	0	-1.05	-0.6	192	0.4	9	-0.2	-1	0.53	0	0
C/W	C	W	0	-3.976666667	0.1	215	-0.1	14	-0.9	-2	0.67	75	1
C/Y	C	Y	0	-2.836666667	2.7	194	0.7	35	-0.4	-2	0.25	304	4
D/A	D	A	-1	0.75	-10.8	126	-4.9	29	-0.3	-2	0.22	28	5
D/C	D	C	-1	0.086666667	-11.2	154	-7.5	28	-3.2	-3	-1.09	0	0
D/E	D	E	0	-0.91	-1	45	-0.7	34	2.9	2	2.53	59	16
D/F	D	F	-1	-2.626666667	-12.9	177	-7.8	23	-4.7	-3	-1.44	0	0
D/G	D	G	-1	1.7	-10.2	94	-4	26	0.2	-1	1.05	158	14
D/H	D	H	-2	-1.403333333	-6.2	81	-2.6	30	0.4	-1	0.45	90	9
D/I	D	I	-1	-1.853333333	-12.3	168	-7.8	30	-3.9	-3	-1.42	0	0
D/K	D	K	-2	-1.916666667	-0.4	101	-1.7	21	0.4	-1	0.63	0	0
D/L	D	L	-1	-1.853333333	-12	172	-8.1	24	-4.2	-4	-1.3	0	0
D/M	D	M	-1	-1.726666667	-12.6	160	-7.3	24	-3.2	-3	-1.41	0	0
D/N	D	N	-1	-0.1	-4.4	23	-1.4	20	2.2	1	2.3	223	20
D/P	D	P	-1	-0.053333333	-9	108	-5	22	-1	-1	1.71	0	0
D/Q	D	Q	-1	-1.09	-5.1	61	-2.5	26	0.8	0	2.3	0	0
D/R	D	R	-2	-2.076666667	3.1	96	-2.5	25	-0.5	-2	0.84	0	0
D/S	D	S	-1	0.736666667	-9.8	65	-3.8	28	0.4	0	1.61	0	0
D/T	D	T	-1	-0.166666667	-10.4	85	-4.4	24	-0.2	-1	1.27	0	0
D/V	D	V	-1	-0.963333333	-11.8	152	-7.1	17	-2.9	-3	-1.05	94	5
D/W	D	W	-1	-3.89	-11.1	181	-7.6	1	-5.5	-4	-1.07	0	0
D/Y	D	Y	-1	-2.75	-8.5	160	-6.8	23	-2.8	-3	-0.18	104	3
E/A	E	A	-1	1.66	-9.8	107	-4.2	52	-0.1	-1	0.21	37	10
E/C	E	C	-1	0.996666667	-10.2	170	-6.8	33	-3.2	-4	-1.18	0	0
E/D	E	D	0	0.91	1	45	0.7	53	2.9	2	2.53	72	14
E/F	E	F	-1	-1.716666667	-11.9	140	-7.1	34	-4.3	-3	-1.42	0	0
E/G	E	G	-1	2.61	-9.2	98	-3.3	41	-0.5	-2	0.71	95	11
E/H	E	H	-2	-0.493333333	-5.2	40	-1.9	38	0.2	0	0.4	0	0
E/I	E	I	-1	-0.943333333	-11.3	134	-7.1	45	-2.9	-3	-1.39	0	0
E/K	E	K	-2	-1.006666667	0.6	56	-1	32	1.2	1	0.6	363	32
E/L	E	L	-1	-0.943333333	-11	138	-7.4	32	-3.1	-3	-1.26	0	0
E/M	E	M	-1	-0.816666667	-11.6	126	-6.6	22	-2.2	-2	-1.38	0	0
E/N	E	N	-1	0.81	-3.4	42	-0.7	26	1	0	1.9	0	0
E/P	E	P	-1	0.856666667	-8	93	-4.3	22	-0.7	-1	1.39	0	0
E/Q	E	Q	-1	-0.18	-4.1	29	-1.8	34	1.7	2	2.04	57	12
E/R	E	R	-2	-1.166666667	4.1	54	-1.8	28	0.3	0	0.65	0	0
E/S	E	S	-1	1.646666667	-8.8	80	-3.1	35	0.1	0	1.39	0	0
E/T	E	T	-1	0.743333333	-9.4	65	-3.7	29	-0.2	-1	1.08	0	0
E/V	E	V	-1	-0.053333333	-10.8	121	-6.4	35	-2.1	-2	-1.02	36	7
E/W	E	W	-1	-2.98	-10.1	152	-6.9	14	-4.7	-3	-1.05	0	0
E/Y	E	Y	-1	-1.84	-7.5	122	-6.1	35	-3	-2	-0.16	0	0
F/A	F	A	0	3.376666667	2.1	113	2.9	24	-2.6	-2	-0.49	0	0
F/C	F	C	0	2.713333333	1.7	205	0.3	18	-0.7	-2	0.69	59	5
F/D	F	D	1	2.626666667	12.9	177	7.8	9	-4.7	-3	-1.44	0	0
F/E	F	E	1	1.716666667	11.9	140	7.1	6	-4.3	-3	-1.42	0	0
F/G	F	G	0	4.326666667	2.7	153	3.8	9	-5.4	-3	-0.94	0	0
F/H	F	H	-1	1.223333333	6.7	100	5.2	24	0	-1	-0.65	0	0
F/I	F	I	0	0.773333333	0.6	21	0	18	0.9	0	2.41	26	2
F/K	F	K	-1	0.71	12.5	102	6.1	8	-3.6	-3	-1.73	0	0
F/L	F	L	0	0.773333333	0.9	22	-0.3	30	2.1	0	2.66	125	13
F/M	F	M	0	0.9	0.3	28	0.5	26	1.3	0	1.77	0	0
F/N	F	N	0	2.526666667	8.5	158	6.4	14	-3.2	-3	-1.31	0	0
F/P	F	P	0	2.573333333	3.9	114	2.8	11	-3.8	-4	-1.25	0	0
F/Q	F	Q	0	1.536666667	7.8	116	5.3	22	-2.8	-3	-1.28	0	0
F/R	F	R	-1	0.55	16	97	5.3	12	-3.5	-3	-1.19	0	0
F/S	F	S	0	3.363333333	3.1	155	4	15	-2.6	-2	-1.1	113	5
F/T	F	T	0	2.46	2.5	103	3.4	26	-2.2	-2	-0.93	0	0
F/V	F	V	0	1.663333333	1.1	50	0.7	29	0.1	-1	1.66	40	6
F/W	F	W	0	-1.263333333	1.8	40	0.2	23	3	1	1.51	0	0
F/Y	F	Y	0	-0.123333333	4.4	22	1	33	5.3	3	0.01	9	0
G/A	G	A	0	-0.95	-0.6	60	-0.9	37	0.6	0	1.66	86	6
G/C	G	C	0	-1.613333333	-1	159	-3.5	27	-2	-3	-0.5	124	2
G/D	G	D	1	-1.7	10.2	94	4	19	0.2	-1	1.05	325	10
G/E	G	E	1	-2.61	9.2	98	3.3	21	-0.5	-2	0.71	277	11
G/F	G	F	0	-4.326666667	-2.7	153	-3.8	17	-5.4	-3	-0.94	0	0
G/H	G	H	-1	-3.103333333	4	98	1.4	23	-1.6	-2	1.17	0	0
G/I	G	I	0	-3.553333333	-2.1	135	-3.8	11	-4.3	-4	-0.88	0	0
G/K	G	K	-1	-3.616666667	9.8	127	2.3	22	-1.1	-2	0.09	0	0
G/L	G	L	0	-3.553333333	-1.8	138	-4.1	19	-4.6	-4	-0.75	0	0
G/M	G	M	0	-3.426666667	-2.4	127	-3.3	20	-3.5	-3	-0.92	0	0
G/N	G	N	0	-1.8	5.8	80	2.6	21	0.4	0	1.39	0	0
G/P	G	P	0	-1.753333333	1.2	42	-1	14	-1.7	-2	1.66	0	0
G/Q	G	Q	0	-2.79	5.1	57	1.5	27	-1.1	-2	1.66	0	0
G/R	G	R	-1	-3.776666667	13.3	125	1.5	18	-1	-2	1.24	634	20
G/S	G	S	0	-0.963333333	0.4	56	0.2	30	0.4	0	2.53	319	29
G/T	G	T	0	-1.866666667	-0.2	59	-0.4	19	-1	-2	3.22	0	0
G/V	G	V	0	-2.663333333	-1.6	109	-3.1	21	-3.1	-3	-0.4	277	10
G/W	G	W	0	-5.59	-0.9	184	-3.6	17	-4.1	-2	-0.47	37	1
G/Y	G	Y	0	-4.45	1.7	147	-2.8	19	-4.3	-3	0.58	0	0
H/A	H	A	1	2.153333333	-4.6	86	-2.3	46	-1	-2	1.14	0	0
H/C	H	C	1	1.49	-5	174	-4.9	33	-1.3	-3	-0.23	0	0
H/D	H	D	2	1.403333333	6.2	81	2.6	14	0.4	-1	0.45	34	3
H/E	H	E	2	0.493333333	5.2	40	1.9	32	0.2	0	0.4	0	0
H/F	H	F	1	-1.223333333	-6.7	100	-5.2	33	0	-1	-0.65	0	0
H/G	H	G	1	3.103333333	-4	98	-1.4	37	-1.6	-2	1.17	0	0
H/I	H	I	1	-0.45	-6.1	94	-5.2	20	-2.3	-3	-0.69	0	0
H/K	H	K	0	-0.513333333	5.8	32	0.9	33	0.6	-1	-0.22	0	0
H/L	H	L	1	-0.45	-5.8	99	-5.5	36	-1.9	-3	-0.54	28	1
H/M	H	M	1	-0.323333333	-6.4	87	-4.7	32	-1.5	-2	-0.69	0	0
H/N	H	N	1	1.303333333	1.8	68	1.2	22	1.2	1	0.89	20	4
H/P	H	P	1	1.35	-2.8	77	-2.4	22	-1	-2	0.84	49	2
H/Q	H	Q	1	0.313333333	1.1	24	0.1	30	1.4	0	0.89	55	7
H/R	H	R	0	-0.673333333	9.3	29	0.1	28	1	0	1.24	132	31
H/S	H	S	1	2.14	-3.6	89	-1.2	37	-0.3	-1	1.14	0	0
H/T	H	T	1	1.236666667	-4.2	47	-1.8	20	-0.5	-2	1.43	0	0
H/V	H	V	1	0.44	-5.6	84	-4.5	26	-2.1	-3	-0.17	0	0
H/W	H	W	1	-2.486666667	-4.9	115	-5	7	-1	-2	-0.17	0	0
H/Y	H	Y	1	-1.346666667	-2.3	83	-4.2	26	2.5	2	1.31	99	13
I/A	I	A	0	2.603333333	1.5	94	2.9	33	-0.8	-1	-0.39	0	0
I/C	I	C	0	1.94	1.1	198	0.3	36	-1.2	-1	0.3	0	0
I/D	I	D	1	1.853333333	12.3	168	7.8	3	-3.9	-3	-1.42	0	0
I/E	I	E	1	0.943333333	11.3	134	7.1	20	-2.9	-3	-1.39	0	0
I/F	I	F	0	-0.773333333	-0.6	21	0	33	0.9	0	2.41	46	3
I/G	I	G	0	3.553333333	2.1	135	3.8	16	-4.3	-4	-0.88	0	0
I/H	I	H	-1	0.45	6.1	94	5.2	22	-2.3	-3	-0.69	0	0
I/K	I	K	-1	-0.063333333	11.9	102	6.1	12	-2.3	-3	-1.7	15	0
I/L	I	L	0	0	0.3	5	-0.3	42	2.8	2	3	19	3
I/M	I	M	0	0.126666667	-0.3	10	0.5	28	2.6	1	1.66	58	6
I/N	I	N	0	1.753333333	7.9	149	6.4	17	-2.8	-3	-1.29	74	3
I/P	I	P	0	1.8	3.3	95	2.8	15	-2.6	-3	-1.21	0	0
I/Q	I	Q	0	0.763333333	7.2	109	5.3	19	-2	-3	-1.24	0	0
I/R	I	R	-1	-0.223333333	15.4	97	5.3	12	-2.6	-3	-1.18	10	0
I/S	I	S	0	2.59	2.5	142	4	20	-1.8	-2	-1.06	41	2
I/T	I	T	0	1.686666667	1.9	89	3.4	19	-0.3	-1	-0.88	186	17
I/V	I	V	0	0.89	0.5	29	0.7	49	3.2	3	1.97	60	51
I/W	I	W	0	-2.036666667	1.2	61	0.2	7	-2.3	-3	1.39	0	0
I/Y	I	Y	0	-0.896666667	3.8	33	1	32	-1	-1	-0.04	0	0
K/A	K	A	1	2.666666667	-10.4	106	-3.2	60	-0.4	-1	-0.31	0	0
K/C	K	C	1	2.003333333	-10.8	202	-5.8	33	-2.9	-3	-1.5	0	0
K/D	K	D	2	1.916666667	0.4	101	1.7	47	0.4	-1	0.63	0	0
K/E	K	E	2	1.006666667	-0.6	56	1	27	1.2	1	0.6	119	18
K/F	K	F	1	-0.71	-12.5	102	-6.1	36	-3.6	-3	-1.73	0	0
K/G	K	G	1	3.616666667	-9.8	127	-2.3	49	-1.1	-2	0.09	0	0
K/H	K	H	0	0.513333333	-5.8	32	-0.9	36	0.6	-1	-0.22	0	0
K/I	K	I	1	0.063333333	-11.9	102	-6.1	49	-2.3	-3	-1.7	11	1
K/L	K	L	1	0.063333333	-11.6	107	-6.4	30	-2.4	-2	-1.61	0	0
K/M	K	M	1	0.19	-12.2	95	-5.6	41	-1.5	-1	-1.73	8	1
K/N	K	N	1	1.816666667	-4	94	0.3	46	0.9	0	0.99	72	10
K/P	K	P	1	1.863333333	-8.6	103	-3.3	25	-0.8	-1	0.78	0	0
K/Q	K	Q	1	0.826666667	-4.7	53	-0.8	44	1.7	1	0.76	22	5
K/R	K	R	0	-0.16	3.5	26	-0.8	44	2.9	2	0.69	47	20
K/S	K	S	1	2.653333333	-9.4	121	-2.1	38	0	0	0.69	0	0
K/T	K	T	1	1.75	-10	78	-2.7	48	0.1	-1	0.2	24	5
K/V	K	V	1	0.953333333	-11.4	97	-5.4	49	-1.9	-2	-1.38	0	0
K/W	K	W	1	-1.973333333	-10.7	110	-5.9	22	-3.6	-3	-1.45	0	0
K/Y	K	Y	1	-0.833333333	-8.1	85	-5.1	34	-2.4	-2	-0.8	0	0
L/A	L	A	0	2.603333333	1.2	96	3.2	34	-1.4	-1	-0.22	0	0
L/C	L	C	0	1.94	0.8	198	0.6	37	-1.6	-1	0.49	0	0
L/D	L	D	1	1.853333333	12	172	8.1	11	-4.2	-4	-1.3	0	0
L/E	L	E	1	0.943333333	11	138	7.4	20	-3.1	-3	-1.26	0	0
L/F	L	F	0	-0.773333333	-0.9	22	0.3	34	2.1	0	2.66	144	13
L/G	L	G	0	3.553333333	1.8	138	4.1	20	-4.6	-4	-0.75	0	0
L/H	L	H	-1	0.45	5.8	99	5.5	29	-1.9	-3	-0.54	30	2
L/I	L	I	0	0	-0.3	5	0.3	30	2.8	2	3	12	4
L/K	L	K	-1	-0.063333333	11.6	107	6.4	17	-2.4	-2	-1.61	0	0
L/M	L	M	0	0.126666667	-0.6	15	0.8	37	2.9	2	1.71	21	5
L/N	L	N	0	1.753333333	7.6	153	6.7	16	-3.1	-3	-1.17	0	0
L/P	L	P	0	1.8	3	98	3.1	15	-2.2	-3	-1.08	495	22
L/Q	L	Q	0	0.763333333	6.9	113	5.6	25	-1.7	-2	-1.12	47	7
L/R	L	R	-1	-0.223333333	15.1	102	5.6	19	-2.4	-2	-1.08	170	5
L/S	L	S	0	2.59	2.2	145	4.3	21	-2.2	-2	-0.93	72	4
L/T	L	T	0	1.686666667	1.6	92	3.7	16	-1.1	-1	-0.74	0	0
L/V	L	V	0	0.89	0.2	32	1	27	1.9	1	2.53	84	23
L/W	L	W	0	-2.036666667	0.9	61	0.5	15	-0.9	-2	1.56	15	0
L/Y	L	Y	0	-0.896666667	3.5	36	1.3	30	-0.1	-1	0.17	0	0
M/A	M	A	0	2.476666667	1.8	84	2.4	36	-0.8	-1	-0.49	0	0
M/C	M	C	0	1.813333333	1.4	196	-0.2	35	-1.2	-1	0.2	0	0
M/D	M	D	1	1.726666667	12.6	160	7.3	39	-3.2	-3	-1.41	0	0
M/E	M	E	1	0.816666667	11.6	126	6.6	29	-2.2	-2	-1.38	0	0
M/F	M	F	0	-0.9	-0.3	28	-0.5	33	1.3	0	1.77	0	0
M/G	M	G	0	3.426666667	2.4	127	3.3	22	-3.5	-3	-0.92	0	0
M/H	M	H	-1	0.323333333	6.4	87	4.7	28	-1.5	-2	-0.69	0	0
M/I	M	I	0	-0.126666667	0.3	10	-0.5	61	2.6	1	1.66	99	9
M/K	M	K	-1	-0.19	12.2	95	5.6	13	-1.5	-1	-1.73	42	2
M/L	M	L	0	-0.126666667	0.6	15	-0.8	51	2.9	2	1.71	37	7
M/N	M	N	0	1.626666667	8.2	142	5.9	54	-2.2	-2	-1.29	0	0
M/P	M	P	0	1.673333333	3.6	87	2.3	9	-2.4	-2	-1.23	0	0
M/Q	M	Q	0	0.636666667	7.5	101	4.8	39	-1	0	-1.24	0	0
M/R	M	R	-1	-0.35	15.7	91	4.8	11	-1.8	-1	-1.19	64	1
M/S	M	S	0	2.463333333	2.8	135	3.5	35	-1.4	-1	-1.11	0	0
M/T	M	T	0	1.56	2.2	81	2.9	26	-0.4	-1	-0.92	121	14
M/V	M	V	0	0.763333333	0.8	21	0.2	35	1.8	1	1.24	119	19
M/W	M	W	0	-2.163333333	1.5	67	-0.3	63	-1.3	-1	1.31	0	0
M/Y	M	Y	0	-1.023333333	4.1	36	0.5	31	-0.5	-1	0.01	0	0
N/A	N	A	0	0.85	-6.4	111	-3.5	40	-0.2	-2	0.49	0	0
N/C	N	C	0	0.186666667	-6.8	139	-6.1	23	-1.8	-3	-0.97	0	0
N/D	N	D	1	0.1	4.4	23	1.4	21	2.2	1	2.3	66	11
N/E	N	E	1	-0.81	3.4	42	0.7	26	1	0	1.9	0	0
N/F	N	F	0	-2.526666667	-8.5	158	-6.4	21	-3.2	-3	-1.31	0	0
N/G	N	G	0	1.8	-5.8	80	-2.6	39	0.4	0	1.39	0	0
N/H	N	H	-1	-1.303333333	-1.8	68	-1.2	25	1.2	1	0.89	32	2
N/I	N	I	0	-1.753333333	-7.9	149	-6.4	18	-2.8	-3	-1.29	39	3
N/K	N	K	-1	-1.816666667	4	94	-0.3	18	0.9	0	0.99	132	9
N/L	N	L	0	-1.753333333	-7.6	153	-6.7	23	-3.1	-3	-1.17	0	0
N/M	N	M	0	-1.626666667	-8.2	142	-5.9	24	-2.2	-2	-1.29	0	0
N/P	N	P	0	0.046666667	-4.6	91	-3.6	27	-1	-2	2.53	0	0
N/Q	N	Q	0	-0.99	-0.7	42	-1.1	30	0.7	0	2.81	0	0
N/R	N	R	-1	-1.976666667	7.5	86	-1.1	25	0.3	0	1.66	0	0
N/S	N	S	0	0.836666667	-5.4	46	-2.4	36	0.9	1	2.3	130	25
N/T	N	T	0	-0.066666667	-6	65	-3	33	0.4	0	1.66	27	7
N/V	N	V	0	-0.863333333	-7.4	80	-5.7	23	-2.2	-3	-0.9	0	0
N/W	N	W	0	-3.79	-6.7	174	-6.2	12	-4	-4	-0.91	0	0
N/Y	N	Y	0	-2.65	-4.1	143	-5.4	25	-1.4	-2	0.04	31	1
P/A	P	A	0	0.803333333	-1.8	27	0.1	45	0.4	-1	0.84	47	9
P/C	P	C	0	0.14	-2.2	169	-2.5	34	-3.1	-3	-0.87	0	0
P/D	P	D	1	0.053333333	9	108	5	25	-1	-1	1.71	0	0
P/E	P	E	1	-0.856666667	8	93	4.3	35	-0.7	-1	1.39	0	0
P/F	P	F	0	-2.573333333	-3.9	114	-2.8	34	-3.8	-4	-1.25	0	0
P/G	P	G	0	1.753333333	-1.2	42	1	40	-1.7	-2	1.66	0	0
P/H	P	H	-1	-1.35	2.8	77	2.4	37	-1	-2	0.84	40	3
P/I	P	I	0	-1.8	-3.3	95	-2.8	20	-2.6	-3	-1.21	0	0
P/K	P	K	-1	-1.863333333	8.6	103	3.3	23	-0.8	-1	0.78	0	0
P/L	P	L	0	-1.8	-3	98	-3.1	26	-2.2	-3	-1.08	346	31
P/M	P	M	0	-1.673333333	-3.6	87	-2.3	26	-2.4	-2	-1.23	0	0
P/N	P	N	0	-0.046666667	4.6	91	3.6	35	-1	-2	2.53	0	0
P/Q	P	Q	0	-1.036666667	3.9	76	2.5	38	-0.2	-1	2.41	30	3
P/R	P	R	-1	-2.023333333	12.1	103	2.5	25	-1	-2	1.61	109	7
P/S	P	S	0	0.79	-0.8	74	1.2	39	0.5	-1	2.66	161	34
P/T	P	T	0	-0.113333333	-1.4	38	0.6	29	0.1	-1	1.97	66	7
P/V	P	V	0	-0.91	-2.8	68	-2.1	42	-1.9	-2	-0.77	0	0
P/W	P	W	0	-3.836666667	-2.1	147	-2.6	3	-5.2	-4	-0.83	0	0
P/Y	P	Y	0	-2.696666667	0.5	110	-1.8	30	-3.4	-3	0.13	0	0
Q/A	Q	A	0	1.84	-5.7	91	-2.4	50	-0.3	-1	0.71	0	0
Q/C	Q	C	0	1.176666667	-6.1	154	-5	38	-2.6	-3	-0.92	0	0
Q/D	Q	D	1	1.09	5.1	61	2.5	7	0.8	0	2.3	0	0
Q/E	Q	E	1	0.18	4.1	29	1.8	44	1.7	2	2.04	30	17
Q/F	Q	F	0	-1.536666667	-7.8	116	-5.3	38	-2.8	-3	-1.28	0	0
Q/G	Q	G	0	2.79	-5.1	87	-1.5	41	-1.1	-2	1.66	0	0
Q/H	Q	H	-1	-0.313333333	-1.1	24	-0.1	40	1.4	0	0.89	53	11
Q/I	Q	I	0	-0.763333333	-7.2	109	-5.3	47	-2	-3	-1.24	0	0
Q/K	Q	K	-1	-0.826666667	4.7	53	0.8	35	1.7	1	0.76	34	8
Q/L	Q	L	0	-0.763333333	-6.9	113	-5.6	39	-1.7	-2	-1.12	14	4
Q/M	Q	M	0	-0.636666667	-7.5	101	-4.8	50	-1	0	-1.24	0	0
Q/N	Q	N	0	0.99	0.7	42	1.1	34	0.7	0	2.81	0	0
Q/P	Q	P	0	1.036666667	-3.9	76	-2.5	21	-0.2	-1	2.41	69	2
Q/R	Q	R	-1	-0.986666667	8.2	43	0	37	1.6	1	1.47	95	30
Q/S	Q	S	0	1.826666667	-4.7	68	-1.3	44	0.1	0	2.53	0	0
Q/T	Q	T	0	0.923333333	-5.3	42	-1.9	36	-0.1	-1	1.9	0	0
Q/V	Q	V	0	0.126666667	-6.7	96	-4.6	60	-1.7	-2	-0.82	0	0
Q/W	Q	W	0	-2.8	-6	130	-5.1	16	-2.8	-2	-0.86	0	0
Q/Y	Q	Y	0	-1.66	-3.4	99	-4.3	36	-1.8	-1	0.09	0	0
R/A	R	A	1	2.826666667	-13.9	112	-2.4	46	-0.8	-1	0.54	0	0
R/C	R	C	1	2.163333333	-14.3	180	-5	23	-2.2	-3	-0.87	518	23
R/D	R	D	2	2.076666667	-3.1	96	2.5	12	-0.5	-2	0.84	0	0
R/E	R	E	2	1.166666667	-4.1	54	1.8	25	0.3	0	0.65	0	0
R/F	R	F	1	-0.55	-16	97	-5.3	21	-3.5	-3	-1.19	0	0
R/G	R	G	1	3.776666667	-13.3	125	-1.5	25	-1	-2	1.24	167	11
R/H	R	H	0	0.673333333	-9.3	29	-0.1	26	1	0	1.24	382	39
R/I	R	I	1	0.223333333	-15.4	97	-5.3	14	-2.6	-3	-1.18	5	1
R/K	R	K	0	0.16	-3.5	26	0.8	31	2.9	2	0.69	36	13
R/L	R	L	1	0.223333333	-15.1	102	-5.6	24	-2.4	-2	-1.08	124	5
R/M	R	M	1	0.35	-15.7	91	-4.8	7	-1.8	-1	-1.19	6	2
R/N	R	N	1	1.976666667	-7.5	86	1.1	7	0.3	0	1.66	0	0
R/P	R	P	1	2.023333333	-12.1	103	-2.5	15	-1	-2	1.61	203	8
R/Q	R	Q	1	0.986666667	-8.2	43	0	29	1.6	1	1.47	421	51
R/S	R	S	1	2.813333333	-12.9	110	-1.3	27	-0.2	-1	1.61	91	8
R/T	R	T	1	1.91	-13.5	71	-1.9	20	-0.3	-1	1.39	29	3
R/V	R	V	1	1.113333333	-14.9	96	-4.6	19	-2.2	-3	-0.77	0	0
R/W	R	W	1	-1.813333333	-14.2	101	-5.1	6	-1.6	-3	-0.78	431	27
R/Y	R	Y	1	-0.673333333	-11.6	77	-4.3	27	-2	-2	0.16	0	0
S/A	S	A	0	0.013333333	-1	99	-1.1	49	1.1	1	1.27	8	9
S/C	S	C	0	-0.65	-1.4	112	-3.7	37	0.1	-1	-0.74	56	14
S/D	S	D	1	-0.736666667	9.8	65	3.8	31	0.4	0	1.61	0	0
S/E	S	E	1	-1.646666667	8.8	80	3.1	34	0.1	0	1.39	0	0
S/F	S	F	0	-3.363333333	-3.1	155	-4	33	-2.6	-2	-1.1	117	8
S/G	S	G	0	0.963333333	-0.4	56	-0.2	42	0.4	0	2.53	30	18
S/H	S	H	-1	-2.14	3.6	89	1.2	35	-0.3	-1	1.14	0	0
S/I	S	I	0	-2.59	-2.5	142	-4	27	-1.8	-2	-1.06	31	9
S/K	S	K	-1	-2.653333333	9.4	121	2.1	28	0	0	0.69	0	0
S/L	S	L	0	-2.59	-2.2	145	-4.3	29	-2.2	-2	-0.93	108	10
S/M	S	M	0	-2.463333333	-2.8	135	-3.5	32	-1.4	-1	-1.11	0	0
S/N	S	N	0	-0.836666667	5.4	46	2.4	39	0.9	1	2.3	72	23
S/P	S	P	0	-0.79	0.8	74	-1.2	25	0.5	-1	2.66	160	19
S/Q	S	Q	0	-1.826666667	4.7	68	1.3	35	0.1	0	2.53	0	0
S/R	S	R	-1	-2.813333333	12.9	110	1.3	36	-0.2	-1	1.61	111	15
S/T	S	T	0	-0.903333333	-0.6	58	-0.6	48	1.4	1	2.81	25	12
S/V	S	V	0	-1.7	-2	124	-3.3	36	-1	-2	-0.62	0	0
S/W	S	W	0	-4.626666667	-1.3	177	-3.8	16	-3.4	-3	-0.69	13	1
S/Y	S	Y	0	-3.486666667	1.3	144	-3	29	-1.9	-2	0.31	27	2
T/A	T	A	0	0.916666667	-0.4	58	-0.5	40	0.7	0	1.61	72	23
T/C	T	C	0	0.253333333	-0.8	149	-3.1	32	-0.6	-1	-0.58	0	0
T/D	T	D	1	0.166666667	10.4	85	4.4	19	-0.2	-1	1.27	0	0
T/E	T	E	1	-0.743333333	9.4	65	3.7	21	-0.2	-1	1.08	0	0
T/F	T	F	0	-2.46	-2.5	103	-3.4	27	-2.2	-2	-0.93	0	0
T/G	T	G	0	1.866666667	0.2	59	0.4	33	-1	-2	3.22	0	0
T/H	T	H	-1	-1.236666667	4.2	47	1.8	25	-0.5	-2	1.43	0	0
T/I	T	I	0	-1.686666667	-1.9	89	-3.4	20	-0.3	-1	-0.88	151	25
T/K	T	K	-1	-1.75	10	78	2.7	26	0.1	-1	0.2	32	4
T/L	T	L	0	-1.686666667	-1.6	92	-3.7	27	-1.1	-1	-0.74	0	0
T/M	T	M	0	-1.56	-2.2	81	-2.9	15	-0.4	-1	-0.92	154	17
T/N	T	N	0	0.066666667	6	65	3	24	0.4	0	1.66	34	7
T/P	T	P	0	0.113333333	1.4	38	-0.6	16	0.1	-1	1.97	58	11
T/Q	T	Q	0	-0.923333333	5.3	42	1.9	31	-0.1	-1	1.9	0	0
T/R	T	R	-1	-1.91	13.5	71	1.9	30	-0.3	-1	1.39	44	2
T/S	T	S	0	0.903333333	0.6	58	0.6	41	1.4	1	2.81	23	13
T/V	T	V	0	-0.796666667	-1.4	69	-2.7	36	0.2	0	-0.39	0	0
T/W	T	W	0	-3.723333333	-0.7	128	-3.2	7	-3.7	-2	-0.43	0	0
T/Y	T	Y	0	-2.583333333	1.9	92	-2.4	26	-2.1	-2	0.73	0	0
V/A	V	A	0	1.713333333	1	64	2.2	39	0.1	0	0.26	98	35
V/C	V	C	0	1.05	0.6	192	-0.4	38	-0.2	-1	0.53	0	0
V/D	V	D	1	0.963333333	11.8	152	7.1	23	-2.9	-3	-1.05	64	2
V/E	V	E	1	0.053333333	10.8	121	6.4	19	-2.1	-2	-1.02	47	6
V/F	V	F	0	-1.663333333	-1.1	50	-0.7	21	0.1	-1	1.66	84	3
V/G	V	G	0	2.663333333	1.6	109	3.1	27	-3.1	-3	-0.4	78	5
V/H	V	H	-1	-0.44	5.6	84	4.5	25	-2.1	-3	-0.17	0	0
V/I	V	I	0	-0.89	-0.5	29	-0.7	54	3.2	3	1.97	87	53
V/K	V	K	-1	-0.953333333	11.4	97	5.4	20	-1.9	-2	-1.38	0	0
V/L	V	L	0	-0.89	-0.2	32	-1	33	1.9	1	2.53	84	19
V/M	V	M	0	-0.763333333	-0.8	21	-0.2	56	1.8	1	1.24	202	32
V/N	V	N	0	0.863333333	7.4	80	5.7	11	-2.2	-3	-0.9	0	0
V/P	V	P	0	0.91	2.8	68	2.1	20	-1.9	-2	-0.77	0	0
V/Q	V	Q	0	-0.126666667	6.7	96	4.6	28	-1.7	-2	-0.82	0	0
V/R	V	R	-1	-1.113333333	14.9	96	4.6	19	-2.2	-3	-0.77	0	0
V/S	V	S	0	1.7	2	124	3.3	33	-1	-2	-0.62	0	0
V/T	V	T	0	0.796666667	1.4	69	2.7	40	0.2	0	-0.39	0	0
V/W	V	W	0	-2.926666667	0.7	88	-0.5	29	-2.9	-3	1.97	0	0
V/Y	V	Y	0	-1.786666667	3.3	55	0.3	21	-1.4	-1	0.62	0	0
W/A	W	A	0	4.64	0.3	148	2.7	6	-4.1	-3	-0.01	0	0
W/C	W	C	0	3.976666667	-0.1	215	0.1	14	-0.9	-2	0.67	105	2
W/D	W	D	1	3.89	11.1	181	0	-1	-5.5	-4	-1.07	0	0
W/E	W	E	1	2.98	10.1	152	6.9	6	-4.7	-3	-1.05	0	0
W/F	W	F	0	1.263333333	-1.8	40	-0.2	36	3	1	1.51	0	0
W/G	W	G	0	5.59	0.9	184	3.6	16	-4.1	-2	-0.47	41	0
W/H	W	H	-1	2.486666667	4.9	115	5	24	-1	-2	-0.17	0	0
W/I	W	I	0	2.036666667	-1.2	61	0	-1	-2.3	-3	1.39	0	0
W/K	W	K	-1	1.973333333	10.7	110	5.9	5	-3.6	-3	-1.45	0	0
W/L	W	L	0	2.036666667	-0.9	61	-0.5	18	-0.9	-2	1.56	21	3
W/M	W	M	0	2.163333333	-1.5	67	0.3	11	-1.3	-1	1.31	0	0
W/N	W	N	0	3.79	6.7	174	0	-1	-4	-4	-0.91	0	0
W/P	W	P	0	3.836666667	2.1	147	2.6	7	-5.2	-4	-0.83	0	0
W/Q	W	Q	0	2.8	6	130	5.1	6	-2.8	-2	-0.86	0	0
W/R	W	R	-1	1.813333333	14.2	101	5.1	10	-1.6	-3	-0.78	149	8
W/S	W	S	0	4.626666667	1.3	177	3.8	9	-3.4	-3	-0.69	32	2
W/T	W	T	0	3.723333333	0.7	128	3.2	2	-3.7	-2	-0.43	0	0
W/V	W	V	0	2.926666667	-0.7	88	0.5	11	-2.9	-3	1.97	0	0
W/Y	W	Y	0	1.14	2.6	37	0.8	28	3.6	2	0.92	0	0
Y/A	Y	A	0	3.5	-2.3	112	1.9	40	-2.6	-2	1.02	0	0
Y/C	Y	C	0	2.836666667	-2.7	194	-0.7	14	-0.4	-2	0.25	241	5
Y/D	Y	D	1	2.75	8.5	160	6.8	9	-2.8	-3	-0.18	46	0
Y/E	Y	E	1	1.84	7.5	122	6.1	18	-3	-2	-0.16	0	0
Y/F	Y	F	0	0.123333333	-4.4	22	-1	36	5.3	3	0.01	10	2
Y/G	Y	G	0	4.45	-1.7	147	2.8	36	-4.3	-3	0.58	0	0
Y/H	Y	H	-1	1.346666667	2.3	83	4.2	20	2.5	2	1.31	87	11
Y/I	Y	I	0	0.896666667	-3.8	33	0	-1	-1	-1	-0.04	0	0
Y/K	Y	K	-1	0.833333333	8.1	85	5.1	17	-2.4	-2	-0.8	0	0
Y/L	Y	L	0	0.896666667	-3.5	36	-1.3	36	-0.1	-1	0.17	0	0
Y/M	Y	M	0	1.023333333	-4.1	36	-0.5	39	-0.5	-1	0.01	0	0
Y/N	Y	N	0	2.65	4.1	143	5.4	13	-1.4	-2	0.04	33	3
Y/P	Y	P	0	2.696666667	-0.5	110	1.8	19	-3.4	-3	0.13	0	0
Y/Q	Y	Q	0	1.66	3.4	99	4.3	37	-1.8	-1	0.09	0	0
Y/R	Y	R	-1	0.673333333	11.6	77	4.3	34	-2	-2	0.16	0	0
Y/S	Y	S	0	3.486666667	-1.3	144	3	17	-1.9	-2	0.31	37	3
Y/T	Y	T	0	2.583333333	-1.9	92	0	-1	-2.1	-2	0.73	0	0
Y/V	Y	V	0	1.786666667	-3.3	55	0	-1	-1.4	-1	0.62	0	0
Y/W	Y	W	0	-1.14	-2.6	37	-0.8	3	3.6	2	0.92	0	0
